684
1097
2256
2529
1188
1441
1980
3218
3234
2631
850
784
351
657
1184
766
1322
639
981
554
1031
780
1232
1558
865
671
745
712
1213
799
663
420
503
678
350
794
560
445
452
375
429
393
471
464
346
344
417
389
968
586
478
320
394
234
523
331
499
319
274
445
332
425
664
467
380
564
467
224
260
248
245
449
566
588
1125
561
916
521
1144
581
612
985
1200
625
999
406
878
497
512
420
464
1046
1496
756
490
345
624
594
647
685
1055
611
1255
366
287
410
1157
1004
498
826
851
712
566
1368
574
917
581
428
407
588
419
688
4232
549
631
1316
1461
1189
819
310
239
781
1034
1791
